21
23
1
81
101
Zolw(20,21) nie ruszyl sie.
Zolw(12,14) nie ruszyl sie.
Zolw(18,20) nie ruszyl sie.
Na polu (10,20), doszlo do kolizji Wilk wygral/a z Mlecz.
Na polu (15,12), doszlo do kolizji Wilk wygral/a z Mlecz.
_
w 10 20 5 12 9 20 0 
w 13 21 6 9 12 21 0 
w 15 12 7 12 14 12 0 
w 6 5 8 9 7 5 0 
a 2 11 0 3 0 11 0 
a 12 6 1 3 12 8 0 
a 9 14 2 3 9 12 0 
a 0 3 3 3 0 5 0 
a 2 14 4 3 2 12 0 
c 11 14 9 5 11 14 0 5 6 
o 18 19 10 3 18 18 0 
a 13 16 11 4 11 16 0 
a 17 17 12 4 19 17 0 
o 14 7 14 3 14 6 0 
a 7 11 85 4 9 11 1 
z 18 21 16 2 18 22 0 
z 20 21 17 2 20 21 0 
z 12 14 18 2 12 14 0 
z 18 20 19 2 18 20 0 
G 16 9 20 
T 15 20 21 
T 13 1 22 
M 18 14 23 
B 5 20 24 
M 11 21 25 
M 11 20 26 
M 18 13 27 
M 19 14 28 
B 5 19 29 
M 19 15 30 
M 17 13 31 
G 13 13 32 
M 10 21 33 
M 10 22 34 
T 11 12 35 
M 19 13 36 
M 18 15 38 
M 17 12 39 
M 18 12 40 
M 17 14 42 
M 10 0 43 
G 15 9 44 
B 6 20 45 
M 18 16 46 
M 19 12 47 
M 8 20 48 
M 17 15 49 
M 10 1 50 
M 9 22 51 
M 17 16 53 
M 12 20 54 
M 17 11 55 
T 13 2 57 
M 16 16 59 
M 18 11 60 
M 20 15 61 
M 15 16 62 
M 16 14 63 
M 15 15 64 
B 6 19 65 
M 11 0 66 
M 20 13 67 
M 17 10 68 
T 11 11 69 
M 19 16 70 
M 10 2 71 
M 16 13 72 
M 11 19 73 
M 20 14 74 
M 10 19 75 
B 6 21 76 
M 16 11 78 
T 14 2 79 
M 0 15 80 
M 12 0 81 
M 20 16 82 
M 0 16 84 
M 8 22 86 
M 13 20 87 
M 18 10 88 
M 16 10 89 
M 9 2 90 
T 12 12 91 
M 16 12 92 
M 14 16 93 
M 11 1 94 
M 0 17 95 
M 13 19 96 
M 20 12 97 
M 11 2 98 
M 0 18 100 
_
